\begin{tikzpicture}[scale=1.5]
\begin{axis}[grid]
\addplot[smooth, black] plot coordinates{
(-0.00103594, 0.1) (-0.00194797, 0.2) (-0.00260757, 0.3) (-0.00287635, 0.4) (-0.00259957, 0.5) (-0.00159717, 0.6) (-0.000272785, 0.7) (0.000123392, 0.8) (0.000422801, 0.9) (0.000822524, 1) (0.00133375, 1.1) (0.00196769, 1.2) (0.00273557, 1.3) (0.00364864, 1.4) (0.00471814, 1.5) (0.00595538, 1.6) (0.00737166, 1.7) (0.00897833, 1.8) (0.0107867, 1.9) (0.0128083, 2) (0.0150544, 2.1) (0.0175366, 2.2) (0.0202664, 2.3) (0.0232552, 2.4) (0.0265148, 2.5) (0.0300566, 2.6) (0.0338926, 2.7) (0.0380335, 2.8) (0.0424927, 2.9) (0.0472814, 3) (0.0524114, 3.1) (0.0578949, 3.2) (0.0637438, 3.3) (0.0699704, 3.4) (0.0765868, 3.5) (0.0836055, 3.6) (0.0910388, 3.7) (0.0988994, 3.8) (0.1072, 3.9) (0.115953, 4) (0.125171, 4.1) (0.134868, 4.2) (0.145056, 4.3) (0.15575, 4.4) (0.166961, 4.5) (0.178705, 4.6) (0.190994, 4.7) (0.203842, 4.8) (0.217264, 4.9) (0.231274, 5) (0.245887, 5.1) (0.261116, 5.2) (0.276978, 5.3) (0.293487, 5.4) (0.310658, 5.5) (0.328508, 5.6) (0.347052, 5.7) (0.366307, 5.8) (0.386289, 5.9) (0.407015, 6) (0.428502, 6.1) (0.450768, 6.2) (0.473831, 6.3) (0.497709, 6.4) (0.52242, 6.5) (0.547985, 6.6) (0.574422, 6.7) (0.601751, 6.8) (0.629994, 6.9) (0.659172, 7) (0.689305, 7.1) (0.720416, 7.2) (0.752528, 7.3) (0.785664, 7.4) (0.819849, 7.5) (0.855106, 7.6) (0.891462, 7.7) (0.928942, 7.8) (0.967573, 7.9) (1.00738, 8) (1.0484, 8.1) (1.09066, 8.2) (1.13418, 8.3) (1.179, 8.4) (1.22515, 8.5) (1.27267, 8.6) (1.32158, 8.7) (1.37193, 8.8) (1.42374, 8.9) (1.47707, 9) (1.53194, 9.1) (1.58839, 9.2) (1.64648, 9.3) (1.70623, 9.4) (1.7677, 9.5) (1.83093, 9.6) (1.89596, 9.7) (1.96285, 9.8) (2.03164, 9.9) (2.10238, 10) };
\addplot[smooth, black] plot coordinates{
(-1.51043, 0.1) (-1.5017, 0.2) (-1.48704, 0.3) (-1.46625, 0.4) (-1.43908, 0.5) (-1.40514, 0.6) (-4.64613, 0.7) };
\addplot[smooth, black] plot coordinates{
(-0.000368864, 0.1) (-0.00069686, 0.2) (-0.000942958, 0.3) (-0.0010658, 0.4) (-0.00102354, 0.5) (-0.000773655, 0.6) (-0.000182627, 0.7) (0.000151753, 0.8) (0.000518212, 0.9) (0.00100754, 1) (0.0016335, 1.1) (0.00240992, 1.2) (0.00335065, 1.3) (0.00446961, 1.4) (0.00578076, 1.5) (0.00729812, 1.6) (0.00903578, 1.7) (0.0110079, 1.8) (0.0132287, 1.9) (0.0157125, 2) (0.0184737, 2.1) (0.0215269, 2.2) (0.0248865, 2.3) (0.0285666, 2.4) (0.0325834, 2.5) (0.036951, 2.6) (0.0416848, 2.7) (0.0467997, 2.8) (0.0523113, 2.9) (0.058235, 3) (0.0645866, 3.1) (0.0713818, 3.2) (0.0786368, 3.3) (0.0863678, 3.4) (0.0945913, 3.5) (0.103324, 3.6) (0.112583, 3.7) (0.122385, 3.8) (0.132748, 3.9) (0.14369, 4) (0.155228, 4.1) (0.167382, 4.2) (0.180169, 4.3) (0.193609, 4.4) (0.207721, 4.5) (0.222525, 4.6) (0.238042, 4.7) (0.254292, 4.8) (0.271297, 4.9) (0.289077, 5) (0.307656, 5.1) (0.327056, 5.2) (0.347301, 5.3) (0.368414, 5.4) (0.39042, 5.5) (0.413345, 5.6) (0.437214, 5.7) (0.462055, 5.8) (0.487896, 5.9) (0.514764, 6) (0.542689, 6.1) (0.571702, 6.2) (0.601834, 6.3) (0.633117, 6.4) (0.665586, 6.5) (0.699274, 6.6) (0.734219, 6.7) (0.770456, 6.8) (0.808026, 6.9) (0.846967, 7) (0.887322, 7.1) (0.929134, 7.2) (0.972448, 7.3) (1.01731, 7.4) (1.06377, 7.5) (1.11187, 7.6) (1.16168, 7.7) (1.21324, 7.8) (1.26661, 7.9) (1.32185, 8) (1.37901, 8.1) (1.43818, 8.2) (1.49939, 8.3) (1.56274, 8.4) (1.62829, 8.5) (1.6961, 8.6) (1.76626, 8.7) (1.83884, 8.8) (1.91393, 8.9) (1.99161, 9) (2.07195, 9.1) (2.15505, 9.2) (2.241, 9.3) (2.32989, 9.4) (2.4218, 9.5) (2.51682, 9.6) (2.61505, 9.7) (2.71658, 9.8) (2.8215, 9.9) (2.92988, 10) };
\addplot[smooth, black] plot coordinates{
(-4.69279, 0.1) (-4.68989, 0.2) (-4.68506, 0.3) (-4.67827, 0.4) (-4.66953, 0.5) (-4.65883, 0.6) (-7.81435, 0.7) };
\addplot[smooth, black] plot coordinates{
(-0.000222633, 0.1) (-0.000420723, 0.2) (-0.000569822, 0.3) (-0.000645316, 0.4) (-0.000622519, 0.5) (-0.000476616, 0.6) (-0.000134201, 0.7) (0.0001975, 0.8) (0.00066997, 0.9) (0.00130107, 1) (0.00210876, 1.1) (0.0031111, 1.2) (0.00432627, 1.3) (0.0057726, 1.4) (0.00746855, 1.5) (0.00943274, 1.6) (0.011684, 1.7) (0.0142412, 1.8) (0.0171237, 1.9) (0.0203502, 2) (0.0239415, 2.1) (0.027917, 2.2) (0.0322969, 2.3) (0.0371016, 2.4) (0.0423521, 2.5) (0.0480694, 2.6) (0.0542751, 2.7) (0.0609912, 2.8) (0.0682399, 2.9) (0.0760441, 3) (0.084427, 3.1) (0.0934125, 3.2) (0.103025, 3.3) (0.113289, 3.4) (0.124231, 3.5) (0.135877, 3.6) (0.148253, 3.7) (0.161388, 3.8) (0.175309, 3.9) (0.190048, 4) (0.205633, 4.1) (0.222097, 4.2) (0.239471, 4.3) (0.25779, 4.4) (0.277088, 4.5) (0.297402, 4.6) (0.318768, 4.7) (0.341227, 4.8) (0.364819, 4.9) (0.389585, 5) (0.415571, 5.1) (0.442823, 5.2) (0.471388, 5.3) (0.501317, 5.4) (0.532663, 5.5) (0.565482, 5.6) (0.59983, 5.7) (0.635771, 5.8) (0.673367, 5.9) (0.712685, 6) (0.753797, 6.1) (0.796777, 6.2) (0.841704, 6.3) (0.88866, 6.4) (0.937732, 6.5) (0.989011, 6.6) (1.04259, 6.7) (1.09858, 6.8) (1.15708, 6.9) (1.21821, 7) (1.28207, 7.1) (1.3488, 7.2) (1.41853, 7.3) (1.49137, 7.4) (1.56749, 7.5) (1.64701, 7.6) (1.73008, 7.7) (1.81687, 7.8) (1.90751, 7.9) (2.00216, 8) (2.10097, 8.1) (2.20409, 8.2) (2.31167, 8.3) (2.42382, 8.4) (2.54068, 8.5) (2.66234, 8.6) (2.78888, 8.7) (2.92036, 8.8) (3.0568, 8.9) (3.19819, 9) (3.34449, 9.1) (3.49559, 9.2) (3.65139, 9.3) (3.8117, 9.4) (3.97633, 9.5) (4.14502, 9.6) (4.3175, 9.7) (4.49348, 9.8) (4.67263, 9.9) (4.85463, 10) };
\addplot[smooth, black] plot coordinates{
(-7.84225, 0.1) (-7.84051, 0.2) (-7.83761, 0.3) (-7.83355, 0.4) (-7.82832, 0.5) (-7.82192, 0.6) (-9.9935, 4.7) (-9.94715, 4.8) (-9.89952, 4.9) (-9.85059, 5) (-9.80034, 5.1) (-9.74875, 5.2) (-9.69581, 5.3) (-9.6415, 5.4) (-9.5858, 5.5) (-9.52868, 5.6) (-9.47015, 5.7) (-9.41017, 5.8) (-9.34873, 5.9) (-9.28582, 6) (-9.22142, 6.1) (-9.15552, 6.2) (-9.08811, 6.3) (-9.01917, 6.4) (-8.94871, 6.5) (-8.87672, 6.6) (-8.8032, 6.7) (-8.72815, 6.8) (-8.65158, 6.9) (-8.5735, 7) (-8.49393, 7.1) (-8.4129, 7.2) (-8.33044, 7.3) (-8.24659, 7.4) (-8.1614, 7.5) (-8.07495, 7.6) (-7.9873, 7.7) (-7.89854, 7.8) (-7.80879, 7.9) (-7.71817, 8) (-7.62682, 8.1) (-7.5349, 8.2) (-7.4426, 8.3) (-7.35013, 8.4) (-7.25771, 8.5) (-7.1656, 8.6) (-7.07406, 8.7) (-6.9834, 8.8) (-6.89391, 8.9) (-6.80592, 9) (-6.71976, 9.1) (-6.63575, 9.2) (-6.55422, 9.3) (-6.47547, 9.4) (-6.39981, 9.5) (-6.32749, 9.6) (-6.25874, 9.7) (-6.19378, 9.8) (-6.13274, 9.9) (-6.07574, 10) };
\addplot[smooth, black] plot coordinates{
(-0.000159272, 0.1) (-0.000301036, 0.2) (-0.000407823, 0.3) (-0.000462104, 0.4) (-0.00044633, 0.5) (-0.000342909, 0.6) (-0.000105581, 0.7) (0.000284626, 0.8) (0.000950554, 0.9) (0.00184084, 1) (0.00298148, 1.1) (0.00439883, 1.2) (0.00611961, 1.3) (0.00817102, 1.4) (0.0105807, 1.5) (0.0133764, 1.6) (0.0165878, 1.7) (0.0202439, 1.8) (0.024375, 1.9) (0.029012, 2) (0.0341868, 2.1) (0.039932, 2.2) (0.0462815, 2.3) (0.0532702, 2.4) (0.0609343, 2.5) (0.0693111, 2.6) (0.0784397, 2.7) (0.0883606, 2.8) (0.0991159, 2.9) (0.11075, 3) (0.123308, 3.1) (0.13684, 3.2) (0.151397, 3.3) (0.16703, 3.4) (0.183799, 3.5) (0.201761, 3.6) (0.220981, 3.7) (0.241526, 3.8) (0.263468, 3.9) (0.286882, 4) (0.311851, 4.1) (0.338461, 4.2) (0.366805, 4.3) (0.396985, 4.4) (0.429109, 4.5) (0.463292, 4.6) (0.499661, 4.7) (0.53835, 4.8) (0.579508, 4.9) (0.623293, 5) (0.669878, 5.1) (0.719449, 5.2) (0.772209, 5.3) (0.828378, 5.4) (0.888193, 5.5) (0.951908, 5.6) (1.0198, 5.7) (1.09216, 5.8) (1.1693, 5.9) (1.25154, 6) (1.33922, 6.1) (1.43269, 6.2) (1.53228, 6.3) (1.63831, 6.4) (1.75108, 6.5) (1.87082, 6.6) (1.9977, 6.7) (2.1318, 6.8) (2.27307, 6.9) (2.42134, 7) (2.57631, 7.1) (2.73752, 7.2) (2.90439, 7.3) (3.07626, 7.4) (3.25241, 7.5) (3.43207, 7.6) (3.61451, 7.7) (3.79903, 7.8) (3.98498, 7.9) (4.17183, 8) (4.35907, 8.1) (4.54634, 8.2) (4.73329, 8.3) (4.9197, 8.4) (5.10535, 8.5) (5.29012, 8.6) (5.4739, 8.7) (5.65663, 8.8) (5.83827, 8.9) (6.01881, 9) (6.19824, 9.1) (6.37658, 9.2) (6.55385, 9.3) (6.73008, 9.4) (6.90531, 9.5) (7.07958, 9.6) (7.25292, 9.7) (7.42539, 9.8) (7.59701, 9.9) (7.76785, 10) };
\addplot[smooth, black] plot coordinates{
(-7.8056, 0.8) (-7.79566, 0.9) (-7.78453, 1) (-7.77221, 1.1) (-7.75867, 1.2) (-7.74392, 1.3) (-7.72795, 1.4) (-7.71073, 1.5) (-7.69226, 1.6) (-7.67253, 1.7) (-7.65152, 1.8) (-7.62923, 1.9) (-7.60562, 2) (-7.58069, 2.1) (-7.55442, 2.2) (-7.52679, 2.3) (-7.49777, 2.4) (-7.46736, 2.5) (-7.43553, 2.6) (-7.40225, 2.7) (-7.36751, 2.8) (-7.33127, 2.9) (-7.29351, 3) (-7.25421, 3.1) (-7.21333, 3.2) (-7.17084, 3.3) (-7.12673, 3.4) (-7.08095, 3.5) (-7.03347, 3.6) (-6.98425, 3.7) (-6.93328, 3.8) (-6.88049, 3.9) (-6.82587, 4) (-6.76938, 4.1) (-6.71097, 4.2) (-6.65061, 4.3) (-6.58826, 4.4) (-6.52389, 4.5) (-6.45745, 4.6) (-6.38891, 4.7) (-6.31825, 4.8) (-6.24542, 4.9) (-6.1704, 5) (-6.09318, 5.1) (-6.01373, 5.2) (-5.93206, 5.3) (-5.84817, 5.4) (-5.76208, 5.5) (-5.67384, 5.6) (-5.5835, 5.7) (-5.49116, 5.8) (-5.39694, 5.9) (-5.30101, 6) (-5.20358, 6.1) (-5.10493, 6.2) (-5.00537, 6.3) (-4.90532, 6.4) (-4.80526, 6.5) (-4.70574, 6.6) (-4.60738, 6.7) (-4.51087, 6.8) (-4.41695, 6.9) (-4.32637, 7) (-4.23985, 7.1) (-4.15806, 7.2) (-4.08161, 7.3) (-4.01095, 7.4) (-3.94642, 7.5) (-3.88821, 7.6) (-3.83637, 7.7) (-3.79082, 7.8) (-3.7514, 7.9) (-3.71785, 8) (-3.68987, 8.1) (-3.66713, 8.2) (-3.64927, 8.3) (-3.63594, 8.4) (-3.62681, 8.5) (-3.62155, 8.6) (-3.61985, 8.7) (-3.62143, 8.8) (-3.62602, 8.9) (-3.63338, 9) (-3.6433, 9.1) (-3.65557, 9.2) (-3.67002, 9.3) (-3.68647, 9.4) (-3.70479, 9.5) (-3.72483, 9.6) (-3.74648, 9.7) (-3.76962, 9.8) (-3.79416, 9.9) (-3.82, 10) };
\addplot[smooth, black] plot coordinates{
(-0.000123958, 0.1) (-0.000234306, 0.2) (-0.000317455, 0.3) (-0.000359789, 0.4) (-0.000347683, 0.5) (-0.0002675, 0.6) (-8.68837e-05, 0.7) (0.000523485, 0.8) (0.00166083, 0.9) (0.00318641, 1) (0.00514913, 1.1) (0.00759994, 1.2) (0.010592, 1.3) (0.0141816, 1.4) (0.0184279, 1.5) (0.0233934, 1.6) (0.0291451, 1.7) (0.0357546, 1.8) (0.0432989, 1.9) (0.0518615, 2) (0.0615329, 2.1) (0.0724124, 2.2) (0.0846091, 2.3) (0.0982436, 2.4) (0.11345, 2.5) (0.130379, 2.6) (0.149199, 2.7) (0.170103, 2.8) (0.193309, 2.9) (0.219069, 3) (0.247674, 3.1) (0.279463, 3.2) (0.314833, 3.3) (0.354251, 3.4) (0.398275, 3.5) (0.447566, 3.6) (0.502913, 3.7) (0.565259, 3.8) (0.635719, 3.9) (0.715588, 4) (0.806326, 4.1) (0.909474, 4.2) (1.02648, 4.3) (1.15838, 4.4) (1.30538, 4.5) (1.46648, 4.6) (1.63939, 4.7) (1.82091, 4.8) (2.0076, 4.9) (2.19641, 5) (2.38503, 5.1) (2.5719, 5.2) (2.75612, 5.3) (2.93722, 5.4) (3.11503, 5.5) (3.28958, 5.6) (3.46099, 5.7) (3.62943, 5.8) (3.79511, 5.9) (3.95825, 6) (4.11905, 6.1) (4.2777, 6.2) (4.4344, 6.3) (4.5893, 6.4) (4.74258, 6.5) (4.89438, 6.6) (5.04482, 6.7) (5.19404, 6.8) (5.34214, 6.9) (5.48922, 7) (5.63539, 7.1) (5.78072, 7.2) (5.9253, 7.3) (6.0692, 7.4) (6.21249, 7.5) (6.35522, 7.6) (6.49747, 7.7) (6.63929, 7.8) (6.78072, 7.9) (6.92182, 8) (7.06263, 8.1) (7.20318, 8.2) (7.34354, 8.3) (7.48372, 8.4) (7.62377, 8.5) (7.76372, 8.6) (7.9036, 8.7) (8.04345, 8.8) (8.1833, 8.9) (8.32317, 9) (8.46309, 9.1) (8.60309, 9.2) (8.74319, 9.3) (8.88342, 9.4) (9.02381, 9.5) (9.16438, 9.6) (9.30515, 9.7) (9.44614, 9.8) (9.58738, 9.9) (9.72888, 10) };
\addplot[smooth, black] plot coordinates{
(-4.63144, 0.8) (-4.61472, 0.9) (-4.59594, 1) (-4.57509, 1.1) (-4.55212, 1.2) (-4.527, 1.3) (-4.49969, 1.4) (-4.47015, 1.5) (-4.43831, 1.6) (-4.40414, 1.7) (-4.36757, 1.8) (-4.32854, 1.9) (-4.28698, 2) (-4.2428, 2.1) (-4.19594, 2.2) (-4.14629, 2.3) (-4.09376, 2.4) (-4.03824, 2.5) (-3.97962, 2.6) (-3.91777, 2.7) (-3.85257, 2.8) (-3.78386, 2.9) (-3.71151, 3) (-3.63534, 3.1) (-3.55518, 3.2) (-3.47088, 3.3) (-3.38226, 3.4) (-3.28917, 3.5) (-3.19147, 3.6) (-3.08909, 3.7) (-2.98203, 3.8) (-2.87046, 3.9) (-2.75475, 4) (-2.63563, 4.1) (-2.51432, 4.2) (-2.39268, 4.3) (-2.27329, 4.4) (-2.15935, 4.5) (-2.05424, 4.6) (-1.96092, 4.7) (-1.88124, 4.8) (-1.81572, 4.9) (-1.76373, 5) (-1.72395, 5.1) (-1.69477, 5.2) (-1.67458, 5.3) (-1.66197, 5.4) (-1.65571, 5.5) (-1.65479, 5.6) (-1.6584, 5.7) (-1.66586, 5.8) (-1.67662, 5.9) (-1.69026, 6) (-1.7064, 6.1) (-1.72475, 6.2) (-1.74507, 6.3) (-1.76714, 6.4) (-1.79079, 6.5) (-1.81589, 6.6) (-1.8423, 6.7) (-1.86992, 6.8) (-1.89865, 6.9) (-1.92843, 7) (-1.95918, 7.1) (-1.99084, 7.2) (-2.02336, 7.3) (-2.05669, 7.4) (-2.0908, 7.5) (-2.12564, 7.6) (-2.16118, 7.7) (-2.1974, 7.8) (-2.23427, 7.9) (-2.27177, 8) (-2.30987, 8.1) (-2.34857, 8.2) (-2.38783, 8.3) (-2.42765, 8.4) (-2.46801, 8.5) (-2.5089, 8.6) (-2.55031, 8.7) (-2.59223, 8.8) (-2.63466, 8.9) (-2.67758, 9) (-2.721, 9.1) (-2.7649, 9.2) (-2.80929, 9.3) (-2.85417, 9.4) (-2.89953, 9.5) (-2.94538, 9.6) (-2.99172, 9.7) (-3.03856, 9.8) (-3.08591, 9.9) (-3.13378, 10) };
\addplot[smooth, black] plot coordinates{
(-0.000101453, 0.1) (-0.000191775, 0.2) (-0.000259844, 0.3) (-0.000294528, 0.4) (-0.000284691, 0.5) (-0.000219192, 0.6) (0.000349384, 0.7) (0.00351775, 0.8) (0.00827937, 0.9) (0.0151617, 1) (0.0249697, 1.1) (0.0390513, 1.2) (0.0599579, 1.3) (0.0934724, 1.4) (0.156788, 1.5) (0.311441, 1.6) (0.563508, 1.7) (0.782921, 1.8) (0.968606, 1.9) (1.13385, 2) (1.28584, 2.1) (1.42861, 2.2) (1.56463, 2.3) (1.69554, 2.4) (1.82244, 2.5) (1.94614, 2.6) (2.06726, 2.7) (2.18626, 2.8) (2.30349, 2.9) (2.41926, 3) (2.53379, 3.1) (2.64728, 3.2) (2.75989, 3.3) (2.87177, 3.4) (2.98302, 3.5) (3.09376, 3.6) (3.20406, 3.7) (3.314, 3.8) (3.42364, 3.9) (3.53306, 4) (3.6423, 4.1) (3.7514, 4.2) (3.86041, 4.3) (3.96937, 4.4) (4.07831, 4.5) (4.18726, 4.6) (4.29626, 4.7) (4.40532, 4.8) (4.51447, 4.9) (4.62373, 5) (4.73312, 5.1) (4.84266, 5.2) (4.95237, 5.3) (5.06226, 5.4) (5.17235, 5.5) (5.28265, 5.6) (5.39316, 5.7) (5.50392, 5.8) (5.61491, 5.9) (5.72616, 6) (5.83767, 6.1) (5.94946, 6.2) (6.06151, 6.3) (6.17386, 6.4) (6.28649, 6.5) (6.39942, 6.6) (6.51264, 6.7) (6.62618, 6.8) (6.74002, 6.9) (6.85416, 7) (6.96863, 7.1) (7.0834, 7.2) (7.1985, 7.3) (7.31391, 7.4) (7.42963, 7.5) (7.54568, 7.6) (7.66204, 7.7) (7.77871, 7.8) (7.89569, 7.9) (8.01299, 8) (8.13059, 8.1) (8.2485, 8.2) (8.3667, 8.3) (8.4852, 8.4) (8.60399, 8.5) (8.72306, 8.6) (8.8424, 8.7) (8.96202, 8.8) (9.0819, 8.9) (9.20203, 9) (9.32241, 9.1) (9.44302, 9.2) (9.56385, 9.3) (9.6849, 9.4) (9.80616, 9.5) (9.9276, 9.6) (10.0492, 9.7) (10.171, 9.8) (10.293, 9.9) (10.4151, 10) };
\addplot[smooth, black] plot coordinates{
(-1.36392, 0.7) (-1.31474, 0.8) (-1.25666, 0.9) (-1.1884, 1) (-1.1081, 1.1) (-1.01303, 1.2) (-0.89885, 1.3) (-0.7582, 1.4) (-0.578454, 1.5) (-0.364646, 1.6) (-0.247885, 1.7) (-0.216183, 1.8) (-0.209033, 1.9) (-0.21126, 2) (-0.218263, 2.1) (-0.2282, 2.2) (-0.240191, 2.3) (-0.253756, 2.4) (-0.268614, 2.5) (-0.284586, 2.6) (-0.301551, 2.7) (-0.319426, 2.8) (-0.338149, 2.9) (-0.357675, 3) (-0.377968, 3.1) (-0.399, 3.2) (-0.420746, 3.3) (-0.443188, 3.4) (-0.466308, 3.5) (-0.490091, 3.6) (-0.514523, 3.7) (-0.539594, 3.8) (-0.56529, 3.9) (-0.591601, 4) (-0.618518, 4.1) (-0.646031, 4.2) (-0.674129, 4.3) (-0.702805, 4.4) (-0.732049, 4.5) (-0.761852, 4.6) (-0.792206, 4.7) (-0.823102, 4.8) (-0.854531, 4.9) (-0.886485, 5) (-0.918955, 5.1) (-0.951932, 5.2) (-0.985408, 5.3) (-1.01937, 5.4) (-1.05382, 5.5) (-1.08874, 5.6) (-1.12412, 5.7) (-1.15996, 5.8) (-1.19624, 5.9) (-1.23296, 6) (-1.27011, 6.1) (-1.30767, 6.2) (-1.34564, 6.3) (-1.38402, 6.4) (-1.42278, 6.5) (-1.46192, 6.6) (-1.50143, 6.7) (-1.5413, 6.8) (-1.58151, 6.9) (-1.62207, 7) (-1.66296, 7.1) (-1.70417, 7.2) (-1.74569, 7.3) (-1.7875, 7.4) (-1.8296, 7.5) (-1.87198, 7.6) (-1.91463, 7.7) (-1.95753, 7.8) (-2.00067, 7.9) (-2.04405, 8) (-2.08765, 8.1) (-2.13146, 8.2) (-2.17546, 8.3) (-2.21965, 8.4) (-2.26401, 8.5) (-2.30854, 8.6) (-2.35321, 8.7) (-2.39801, 8.8) (-2.44294, 8.9) (-2.48797, 9) (-2.5331, 9.1) (-2.5783, 9.2) (-2.62356, 9.3) (-2.66886, 9.4) (-2.71418, 9.5) (-2.75951, 9.6) (-2.80482, 9.7) (-2.8501, 9.8) (-2.8953, 9.9) (-2.94042, 10) };
\end{axis}
\end{tikzpicture}
