\begin{tikzpicture}[scale=1.5]
\begin{axis}[grid]
		\addplot[smooth, mark = *, blue] plot coordinates{
(0.0125, 1.01963) (0.0375, 1.05877) (0.0625, 1.09755) (0.0875, 1.13572) (0.1125, 1.17306) (0.1375, 1.20933) (0.1625, 1.24431) (0.1875, 1.27779) (0.2125, 1.30955) (0.2375, 1.3394) (0.2625, 1.36716) (0.2875, 1.39266) (0.3125, 1.41573) (0.3375, 1.43625) (0.3625, 1.45407) (0.3875, 1.4691) (0.4125, 1.48123) (0.4375, 1.49039) (0.4625, 1.49653) (0.4875, 1.49961) (0.5125, 1.49961) (0.5375, 1.49653) (0.5625, 1.49039) (0.5875, 1.48123) (0.6125, 1.4691) (0.6375, 1.45407) (0.6625, 1.43625) (0.6875, 1.41573) (0.7125, 1.39266) (0.7375, 1.36716) (0.7625, 1.3394) (0.7875, 1.30955) (0.8125, 1.27779) (0.8375, 1.24431) (0.8625, 1.20933) (0.8875, 1.17306) (0.9125, 1.13572) (0.9375, 1.09755) (0.9625, 1.05877) (0.9875, 1.01963) 					};
		\addplot[line width = 0.25mm, smooth, black] plot coordinates{
(0.0125, 1.01549) (0.0375, 1.05976) (0.0625, 1.10673) (0.0875, 1.15014) (0.1125, 1.18828) (0.1375, 1.22246) (0.1625, 1.25408) (0.1875, 1.28282) (0.2125, 1.30737) (0.2375, 1.32756) (0.2625, 1.34544) (0.2875, 1.36402) (0.3125, 1.38496) (0.3375, 1.40737) (0.3625, 1.42919) (0.3875, 1.44927) (0.4125, 1.46814) (0.4375, 1.48662) (0.4625, 1.50382) (0.4875, 1.51679) (0.5125, 1.52238) (0.5375, 1.51975) (0.5625, 1.51092) (0.5875, 1.49861) (0.6125, 1.48338) (0.6375, 1.46309) (0.6625, 1.43608) (0.6875, 1.40496) (0.7125, 1.37613) (0.7375, 1.3542) (0.7625, 1.33657) (0.7875, 1.31479) (0.8125, 1.28282) (0.8375, 1.24387) (0.8625, 1.20696) (0.8875, 1.1749) (0.9125, 1.13861) (0.9375, 1.09293) (0.9625, 1.06287) (0.9875, 1.015) 					};
\end{axis}
\end{tikzpicture}
\begin{tikzpicture}[scale=1.5]
\begin{axis}[grid]
		\addplot[smooth, mark = *, red] plot coordinates{
(0.0125, -0.0126683) (0.0375, -0.0192665) (0.0625, -0.0162614) (0.0875, -0.0100892) (0.1125, -0.00364269) (0.1375, 0.00292342) (0.1625, 0.0098871) (0.1875, 0.0162372) (0.2125, 0.0201051) (0.2375, 0.020581) (0.2625, 0.0186923) (0.2875, 0.0163783) (0.3125, 0.0145705) (0.3375, 0.0124501) (0.3625, 0.00861793) (0.3875, 0.00285541) (0.4125, -0.00336891) (0.4375, -0.00810067) (0.4625, -0.0105375) (0.4875, -0.0114472) (0.5125, -0.0119891) (0.5375, -0.0122041) (0.5625, -0.0108009) (0.5875, -0.00664891) (0.6125, -0.000613096) (0.6375, 0.00434422) (0.6625, 0.00549908) (0.6875, 0.00325994) (0.7125, 0.00132815) (0.7375, 0.00290701) (0.7625, 0.00648985) (0.7875, 0.00672742) (0.8125, 0.000824589) (0.8375, -0.00663062) (0.8625, -0.00756069) (0.8875, -0.000482161) (0.9125, 0.0049748) (0.9375, -0.000197976) (0.9625, -0.00065948) (0.9875, 0.000159744) 					};
		\addplot[line width = 0.25mm, smooth, black] plot coordinates{
(0.0125, 0) (0.0375, 0) (0.0625, 0) (0.0875, 0) (0.1125, 0) (0.1375, 0) (0.1625, 0) (0.1875, 0) (0.2125, 0) (0.2375, 0) (0.2625, 0) (0.2875, 0) (0.3125, 0) (0.3375, 0) (0.3625, 0) (0.3875, 0) (0.4125, 0) (0.4375, 0) (0.4625, 0) (0.4875, 0) (0.5125, 0) (0.5375, 0) (0.5625, 0) (0.5875, 0) (0.6125, 0) (0.6375, 0) (0.6625, 0) (0.6875, 0) (0.7125, 0) (0.7375, 0) (0.7625, 0) (0.7875, 0) (0.8125, 0) (0.8375, 0) (0.8625, 0) (0.8875, 0) (0.9125, 0) (0.9375, 0) (0.9625, 0) (0.9875, 0) 					};
\end{axis}
\end{tikzpicture}
