\begin{tikzpicture}[scale=1.5]
\begin{axis}[grid]
	\addplot[line width = 0.25mm, smooth, black] plot coordinates{
(0.0125, 1.62811) (0.0375, 1.31932) (0.0625, 1.15709) (0.0875, 1.0491) (0.1125, 0.968117) (0.1375, 0.903201) (0.1625, 0.848944) (0.1875, 0.802279) (0.2125, 0.7613) (0.2375, 0.724743) (0.2625, 0.691725) (0.2875, 0.661608) (0.3125, 0.633915) (0.3375, 0.608279) (0.3625, 0.584414) (0.3875, 0.562091) (0.4125, 0.541125) (0.4375, 0.521363) (0.4625, 0.50268) (0.4875, 0.48497) (0.5125, 0.468141) (0.5375, 0.452117) (0.5625, 0.436831) (0.5875, 0.422226) (0.6125, 0.408251) (0.6375, 0.394861) (0.6625, 0.382017) (0.6875, 0.369683) (0.7125, 0.357829) (0.7375, 0.346427) (0.7625, 0.335449) (0.7875, 0.324874) (0.8125, 0.314681) (0.8375, 0.304849) (0.8625, 0.295362) (0.8875, 0.286202) (0.9125, 0.277356) (0.9375, 0.268808) (0.9625, 0.260546) (0.9875, 0.252558) 					};
		\addplot[smooth, mark = *, black] plot coordinates{
(0.0125, 0.0882236) (0.0375, 0.0728497) (0.0625, 0.0647597) (0.0875, 0.0593615) (0.1125, 0.0553009) (0.1375, 0.0520348) (0.1625, 0.0492946) (0.1875, 0.0469279) (0.2125, 0.0448404) (0.2375, 0.0429695) (0.2625, 0.0412715) (0.2875, 0.0397151) (0.3125, 0.0382767) (0.3375, 0.0369383) (0.3625, 0.0356859) (0.3875, 0.0345082) (0.4125, 0.0333962) (0.4375, 0.0323426) (0.4625, 0.0313412) (0.4875, 0.0303868) (0.5125, 0.0294752) (0.5375, 0.0286026) (0.5625, 0.0277658) (0.5875, 0.026962) (0.6125, 0.026189) (0.6375, 0.0254444) (0.6625, 0.0247266) (0.6875, 0.0240338) (0.7125, 0.0233646) (0.7375, 0.0227175) (0.7625, 0.0220916) (0.7875, 0.0214856) (0.8125, 0.0208985) (0.8375, 0.0203296) (0.8625, 0.0197779) (0.8875, 0.0192428) (0.9125, 0.0187234) (0.9375, 0.0182193) (0.9625, 0.0177297) (0.9875, 0.0172542) 					};
	\addplot[line width = 0.25mm, smooth, blue] plot coordinates{
(0.0125, 1.30351) (0.0375, 1.00427) (0.0625, 0.850918) (0.0875, 0.751387) (0.1125, 0.678506) (0.1375, 0.621383) (0.1625, 0.574635) (0.1875, 0.535218) (0.2125, 0.501247) (0.2375, 0.471472) (0.2625, 0.445026) (0.2875, 0.421283) (0.3125, 0.399775) (0.3375, 0.380146) (0.3625, 0.362117) (0.3875, 0.345468) (0.4125, 0.33002) (0.4375, 0.315628) (0.4625, 0.30217) (0.4875, 0.289547) (0.5125, 0.277672) (0.5375, 0.266474) (0.5625, 0.25589) (0.5875, 0.245866) (0.6125, 0.236355) (0.6375, 0.227318) (0.6625, 0.218716) (0.6875, 0.210519) (0.7125, 0.202699) (0.7375, 0.195229) (0.7625, 0.188087) (0.7875, 0.181252) (0.8125, 0.174707) (0.8375, 0.168433) (0.8625, 0.162416) (0.8875, 0.156641) (0.9125, 0.151096) (0.9375, 0.145769) (0.9625, 0.140648) (0.9875, 0.135724) 					};
		\addplot[smooth, mark = *, blue] plot coordinates{
(0.0125, 0.110128) (0.0375, 0.0857199) (0.0625, 0.0731593) (0.0875, 0.0649809) (0.1125, 0.0589749) (0.1375, 0.0542532) (0.1625, 0.0503768) (0.1875, 0.0470977) (0.2125, 0.0442623) (0.2375, 0.0417691) (0.2625, 0.0395476) (0.2875, 0.0375468) (0.3125, 0.0357289) (0.3375, 0.0340648) (0.3625, 0.0325318) (0.3875, 0.0311122) (0.4125, 0.0297913) (0.4375, 0.0285572) (0.4625, 0.0274002) (0.4875, 0.0263121) (0.5125, 0.0252859) (0.5375, 0.0243157) (0.5625, 0.0233965) (0.5875, 0.0225238) (0.6125, 0.0216939) (0.6375, 0.0209034) (0.6625, 0.0201494) (0.6875, 0.0194293) (0.7125, 0.0187407) (0.7375, 0.0180816) (0.7625, 0.0174502) (0.7875, 0.0168447) (0.8125, 0.0162636) (0.8375, 0.0157056) (0.8625, 0.0151693) (0.8875, 0.0146537) (0.9125, 0.0141577) (0.9375, 0.0136803) (0.9625, 0.0132205) (0.9875, 0.0127776) 					};
	\addplot[line width = 0.25mm, smooth, red] plot coordinates{
(0.0125, 1.30356) (0.0375, 1.00426) (0.0625, 0.85093) (0.0875, 0.751406) (0.1125, 0.678523) (0.1375, 0.621395) (0.1625, 0.574643) (0.1875, 0.535223) (0.2125, 0.501249) (0.2375, 0.471473) (0.2625, 0.445027) (0.2875, 0.421284) (0.3125, 0.399776) (0.3375, 0.380148) (0.3625, 0.362121) (0.3875, 0.345473) (0.4125, 0.330027) (0.4375, 0.315636) (0.4625, 0.30218) (0.4875, 0.289558) (0.5125, 0.277685) (0.5375, 0.266487) (0.5625, 0.255904) (0.5875, 0.24588) (0.6125, 0.23637) (0.6375, 0.227332) (0.6625, 0.21873) (0.6875, 0.210533) (0.7125, 0.202711) (0.7375, 0.19524) (0.7625, 0.188097) (0.7875, 0.181261) (0.8125, 0.174713) (0.8375, 0.168438) (0.8625, 0.162419) (0.8875, 0.156642) (0.9125, 0.151095) (0.9375, 0.145765) (0.9625, 0.140642) (0.9875, 0.135716) 					};
		\addplot[smooth, mark = *, red] plot coordinates{
(0.0125, 0.110171) (0.0375, 0.0857225) (0.0625, 0.0731631) (0.0875, 0.0649861) (0.1125, 0.0589791) (0.1375, 0.0542558) (0.1625, 0.0503779) (0.1875, 0.0470979) (0.2125, 0.044262) (0.2375, 0.0417687) (0.2625, 0.0395472) (0.2875, 0.0375467) (0.3125, 0.0357291) (0.3375, 0.0340653) (0.3625, 0.0325327) (0.3875, 0.0311134) (0.4125, 0.0297928) (0.4375, 0.028559) (0.4625, 0.0274023) (0.4875, 0.0263144) (0.5125, 0.0252883) (0.5375, 0.0243182) (0.5625, 0.0233991) (0.5875, 0.0225264) (0.6125, 0.0216965) (0.6375, 0.020906) (0.6625, 0.0201519) (0.6875, 0.0194316) (0.7125, 0.0187429) (0.7375, 0.0180836) (0.7625, 0.017452) (0.7875, 0.0168462) (0.8125, 0.0162649) (0.8375, 0.0157066) (0.8625, 0.01517) (0.8875, 0.0146541) (0.9125, 0.0141577) (0.9375, 0.0136799) (0.9625, 0.0132198) (0.9875, 0.0127766) 					};
\end{axis}
\end{tikzpicture}
